------------
Topic 1 (4445 tokens)
------------
0.01167	52.00000	0.01000	took
0.01078	48.00000	0.01000	place
0.01010	45.00000	0.01000	led
0.00988	44.00000	0.01000	members
0.00988	44.00000	0.01000	moved
0.00965	43.00000	0.01000	students
0.00786	35.00000	0.01000	back
0.00763	34.00000	0.01000	even
0.00763	34.00000	0.01000	based
0.00763	34.00000	0.01000	way
0.00741	33.00000	0.01000	home
0.00741	33.00000	0.01000	six
0.00741	33.00000	0.01000	throughout
0.00719	32.00000	0.01000	popular
0.00674	30.00000	0.01000	main
0.00674	30.00000	0.01000	major
0.00674	30.00000	0.01000	take
0.00651	29.00000	0.01000	returned
0.00651	29.00000	0.01000	top
0.00651	29.00000	0.01000	found
0.00629	28.00000	0.01000	old
0.00629	28.00000	0.01000	death
0.00629	28.00000	0.01000	support
0.00606	27.00000	0.01000	received
0.00606	27.00000	0.01000	though
0.00606	27.00000	0.01000	near
0.00606	27.00000	0.01000	see
0.00606	27.00000	0.01000	country
0.00606	27.00000	0.01000	never
0.00606	27.00000	0.01000	among
0.00584	26.00000	0.01000	could
0.00584	26.00000	0.01000	years.
0.00584	26.00000	0.01000	period
0.00561	25.00000	0.01000	make
0.00561	25.00000	0.01000	left
0.00539	24.00000	0.01000	n't
0.00539	24.00000	0.01000	came
0.00539	24.00000	0.01000	third
0.00539	24.00000	0.01000	joined
0.00539	24.00000	0.01000	leading
0.00539	24.00000	0.01000	run
0.00539	24.00000	0.01000	set
0.00539	24.00000	0.01000	site
0.00516	23.00000	0.01000	upon
0.00516	23.00000	0.01000	return
0.00516	23.00000	0.01000	within
0.00516	23.00000	0.01000	special
0.00516	23.00000	0.01000	numerous
0.00516	23.00000	0.01000	position
0.00516	23.00000	0.01000	become
------------
Topic 5 (833 tokens)
------------
0.05932	50.00000	0.01000	species
0.04153	35.00000	0.01000	jack
0.03916	33.00000	0.01000	bar
0.03441	29.00000	0.01000	fish
0.02848	24.00000	0.01000	refer
0.02492	21.00000	0.01000	small
0.02374	20.00000	0.01000	genus
0.02255	19.00000	0.01000	black
0.02018	17.00000	0.01000	fresh
0.02018	17.00000	0.01000	form
0.02018	17.00000	0.01000	hunting
0.01899	16.00000	0.01000	common
0.01899	16.00000	0.01000	found
0.01899	16.00000	0.01000	calls
0.01543	13.00000	0.01000	considered
0.01543	13.00000	0.01000	described
0.01543	13.00000	0.01000	running
0.01543	13.00000	0.01000	waters
0.01543	13.00000	0.01000	light
0.01425	12.00000	0.01000	along
0.01425	12.00000	0.01000	turkey
0.01306	11.00000	0.01000	million
0.01306	11.00000	0.01000	areas
0.01306	11.00000	0.01000	males
0.01306	11.00000	0.01000	ground
0.01306	11.00000	0.01000	family.
0.01187	10.00000	0.01000	studies
0.01187	10.00000	0.01000	lived
0.01187	10.00000	0.01000	range
0.01187	10.00000	0.01000	taken
0.01187	10.00000	0.01000	body
0.01187	10.00000	0.01000	related
0.01069	9.00000	0.01000	group
0.01069	9.00000	0.01000	usually
0.01069	9.00000	0.01000	stage
0.01069	9.00000	0.01000	feet
0.01069	9.00000	0.01000	relatively
0.01069	9.00000	0.01000	animals
0.01069	9.00000	0.01000	length
0.01069	9.00000	0.01000	dog
0.00950	8.00000	0.01000	dark
0.00950	8.00000	0.01000	limited
0.00950	8.00000	0.01000	wild
0.00832	7.00000	0.01000	move
0.00832	7.00000	0.01000	northern
0.00832	7.00000	0.01000	island
0.00832	7.00000	0.01000	occurs
0.00832	7.00000	0.01000	commonly
0.00832	7.00000	0.01000	type
0.00832	7.00000	0.01000	western
------------
Topic 2 (1584 tokens)
------------
0.02322	37.00000	0.01000	using
0.02259	36.00000	0.01000	method
0.01883	30.00000	0.01000	must
0.01757	28.00000	0.01000	example
0.01757	28.00000	0.01000	radiation
0.01632	26.00000	0.01000	density
0.01632	26.00000	0.01000	form
0.01632	26.00000	0.01000	process
0.01632	26.00000	0.01000	memory
0.01569	25.00000	0.01000	higher
0.01506	24.00000	0.01000	current
0.01381	22.00000	0.01000	volume
0.01381	22.00000	0.01000	medical
0.01318	21.00000	0.01000	cells
0.01255	20.00000	0.01000	imaging
0.01255	20.00000	0.01000	produced
0.01255	20.00000	0.01000	thinking
0.01255	20.00000	0.01000	cell
0.01255	20.00000	0.01000	operating
0.01193	19.00000	0.01000	much
0.01193	19.00000	0.01000	allows
0.01193	19.00000	0.01000	body
0.01193	19.00000	0.01000	specific
0.01130	18.00000	0.01000	lines
0.01067	17.00000	0.01000	developed
0.01067	17.00000	0.01000	similar
0.01067	17.00000	0.01000	particular
0.01067	17.00000	0.01000	write
0.01004	16.00000	0.01000	radionuclides
0.01004	16.00000	0.01000	modern
0.01004	16.00000	0.01000	makes
0.00942	15.00000	0.01000	required
0.00942	15.00000	0.01000	based
0.00942	15.00000	0.01000	different
0.00942	15.00000	0.01000	cause
0.00942	15.00000	0.01000	requires
0.00942	15.00000	0.01000	list
0.00942	15.00000	0.01000	theory
0.00942	15.00000	0.01000	problem
0.00942	15.00000	0.01000	knowledge
0.00879	14.00000	0.01000	terms
0.00879	14.00000	0.01000	e.g.
0.00879	14.00000	0.01000	referred
0.00879	14.00000	0.01000	require
0.00879	14.00000	0.01000	flash
0.00816	13.00000	0.01000	generally
0.00816	13.00000	0.01000	order
0.00816	13.00000	0.01000	development
0.00816	13.00000	0.01000	disease
0.00816	13.00000	0.01000	image
------------
Topic 8 (1478 tokens)
------------
0.03495	52.00000	0.01000	season
0.02554	38.00000	0.01000	2009
0.02420	36.00000	0.01000	games
0.02353	35.00000	0.01000	2008
0.02084	31.00000	0.01000	club
0.02017	30.00000	0.01000	2002
0.02017	30.00000	0.01000	playing
0.01950	29.00000	0.01000	career
0.01950	29.00000	0.01000	player
0.01950	29.00000	0.01000	play
0.01815	27.00000	0.01000	2013
0.01815	27.00000	0.01000	2005
0.01815	27.00000	0.01000	professional
0.01815	27.00000	0.01000	cable
0.01681	25.00000	0.01000	record
0.01614	24.00000	0.01000	career.
0.01614	24.00000	0.01000	2012
0.01614	24.00000	0.01000	joined
0.01479	22.00000	0.01000	2011
0.01412	21.00000	0.01000	final
0.01412	21.00000	0.01000	winning
0.01412	21.00000	0.01000	2007
0.01412	21.00000	0.01000	award
0.01278	19.00000	0.01000	currently
0.01278	19.00000	0.01000	million
0.01210	18.00000	0.01000	2004
0.01210	18.00000	0.01000	college
0.01143	17.00000	0.01000	contract
0.01143	17.00000	0.01000	awarded
0.01143	17.00000	0.01000	went
0.01076	16.00000	0.01000	coach
0.01076	16.00000	0.01000	head
0.01076	16.00000	0.01000	season.
0.01076	16.00000	0.01000	players
0.01009	15.00000	0.01000	company
0.01009	15.00000	0.01000	1975
0.01009	15.00000	0.01000	competition
0.01009	15.00000	0.01000	1999
0.01009	15.00000	0.01000	2010.
0.00942	14.00000	0.01000	age
0.00942	14.00000	0.01000	awards
0.00942	14.00000	0.01000	2001
0.00942	14.00000	0.01000	cargo
0.00942	14.00000	0.01000	rights
0.00874	13.00000	0.01000	baseball
0.00874	13.00000	0.01000	round
0.00874	13.00000	0.01000	league
0.00807	12.00000	0.01000	class
0.00807	12.00000	0.01000	1994
0.00807	12.00000	0.01000	spent
------------
Topic 6 (1361 tokens)
------------
0.03867	53.00000	0.01000	population
0.02699	37.00000	0.01000	built
0.02554	35.00000	0.01000	building
0.02262	31.00000	0.01000	side
0.02189	30.00000	0.01000	age
0.01970	27.00000	0.01000	opened
0.01678	23.00000	0.01000	century
0.01605	22.00000	0.01000	100
0.01605	22.00000	0.01000	east
0.01532	21.00000	0.01000	per
0.01460	20.00000	0.01000	lies
0.01460	20.00000	0.01000	parish
0.01460	20.00000	0.01000	municipality
0.01387	19.00000	0.01000	living
0.01387	19.00000	0.01000	average
0.01387	19.00000	0.01000	central
0.01387	19.00000	0.01000	road
0.01387	19.00000	0.01000	parishes
0.01387	19.00000	0.01000	total
0.01387	19.00000	0.01000	railway
0.01314	18.00000	0.01000	region
0.01314	18.00000	0.01000	local
0.01241	17.00000	0.01000	main
0.01241	17.00000	0.01000	eastern
0.01168	16.00000	0.01000	size
0.01168	16.00000	0.01000	river
0.01168	16.00000	0.01000	track
0.01168	16.00000	0.01000	approximately
0.01168	16.00000	0.01000	census
0.01095	15.00000	0.01000	established
0.01022	14.00000	0.01000	income
0.01022	14.00000	0.01000	families
0.00949	13.00000	0.01000	former
0.00949	13.00000	0.01000	every
0.00949	13.00000	0.01000	median
0.00949	13.00000	0.01000	civil
0.00949	13.00000	0.01000	2006
0.00949	13.00000	0.01000	administrative
0.00949	13.00000	0.01000	households
0.00876	12.00000	0.01000	allowed
0.00803	11.00000	0.01000	project
0.00803	11.00000	0.01000	council
0.00803	11.00000	0.01000	regional
0.00803	11.00000	0.01000	closed
0.00803	11.00000	0.01000	original
0.00803	11.00000	0.01000	center
0.00803	11.00000	0.01000	province
0.00730	10.00000	0.01000	within
0.00730	10.00000	0.01000	density
0.00730	10.00000	0.01000	airport
------------
Topic 9 (1322 tokens)
------------
0.03229	43.00000	0.01000	reported
0.02628	35.00000	0.01000	junta
0.02253	30.00000	0.01000	report
0.02178	29.00000	0.01000	troops
0.02103	28.00000	0.01000	arrested
0.01953	26.00000	0.01000	sent
0.01878	25.00000	0.01000	forces
0.01878	25.00000	0.01000	still
0.01727	23.00000	0.01000	soldiers
0.01727	23.00000	0.01000	reports
0.01652	22.00000	0.01000	stated
0.01652	22.00000	0.01000	police
0.01502	20.00000	0.01000	security
0.01427	19.00000	0.01000	forced
0.01427	19.00000	0.01000	engine
0.01427	19.00000	0.01000	killed
0.01352	18.00000	0.01000	day
0.01352	18.00000	0.01000	told
0.01352	18.00000	0.01000	economic
0.01277	17.00000	0.01000	protests
0.01277	17.00000	0.01000	peaceful
0.01202	16.00000	0.01000	ordered
0.01202	16.00000	0.01000	protesters
0.01202	16.00000	0.01000	command
0.01202	16.00000	0.01000	bus
0.01127	15.00000	0.01000	meeting
0.01127	15.00000	0.01000	issued
0.01052	14.00000	0.01000	fuel
0.01052	14.00000	0.01000	country
0.01052	14.00000	0.01000	announced
0.01052	14.00000	0.01000	host
0.01052	14.00000	0.01000	money
0.01052	14.00000	0.01000	arrived
0.00977	13.00000	0.01000	them.
0.00977	13.00000	0.01000	task
0.00977	13.00000	0.01000	demonstrations
0.00977	13.00000	0.01000	monks.
0.00902	12.00000	0.01000	five
0.00902	12.00000	0.01000	key
0.00902	12.00000	0.01000	leaders
0.00902	12.00000	0.01000	night
0.00902	12.00000	0.01000	met
0.00902	12.00000	0.01000	meet
0.00902	12.00000	0.01000	response
0.00902	12.00000	0.01000	statement
0.00902	12.00000	0.01000	seen
0.00902	12.00000	0.01000	drive
0.00902	12.00000	0.01000	order
0.00902	12.00000	0.01000	streets
0.00902	12.00000	0.01000	outside
------------
Topic 3 (1698 tokens)
------------
0.02518	43.00000	0.01000	film
0.01933	33.00000	0.01000	wrote
0.01933	33.00000	0.01000	son
0.01816	31.00000	0.01000	published
0.01757	30.00000	0.01000	released
0.01698	29.00000	0.01000	role
0.01640	28.00000	0.01000	died
0.01640	28.00000	0.01000	television
0.01581	27.00000	0.01000	father
0.01523	26.00000	0.01000	married
0.01464	25.00000	0.01000	band
0.01464	25.00000	0.01000	character
0.01406	24.00000	0.01000	words
0.01406	24.00000	0.01000	book
0.01347	23.00000	0.01000	musical
0.01347	23.00000	0.01000	shows
0.01347	23.00000	0.01000	mother
0.01289	22.00000	0.01000	radio
0.01230	21.00000	0.01000	children
0.01230	21.00000	0.01000	letters
0.01230	21.00000	0.01000	show
0.01230	21.00000	0.01000	music
0.01172	20.00000	0.01000	fonts
0.01172	20.00000	0.01000	appeared
0.01172	20.00000	0.01000	version
0.01113	19.00000	0.01000	featured
0.01113	19.00000	0.01000	song
0.01054	18.00000	0.01000	wife
0.01054	18.00000	0.01000	production
0.01054	18.00000	0.01000	stage
0.01054	18.00000	0.01000	guitar
0.01054	18.00000	0.01000	daughter
0.01054	18.00000	0.01000	cedilla
0.00996	17.00000	0.01000	songs
0.00996	17.00000	0.01000	studied
0.00996	17.00000	0.01000	title
0.00937	16.00000	0.01000	sold
0.00937	16.00000	0.01000	written
0.00937	16.00000	0.01000	poems
0.00937	16.00000	0.01000	album
0.00879	15.00000	0.01000	recorded
0.00879	15.00000	0.01000	spelling
0.00879	15.00000	0.01000	feature
0.00879	15.00000	0.01000	cultural
0.00879	15.00000	0.01000	husband
0.00879	15.00000	0.01000	single
0.00879	15.00000	0.01000	painting
0.00879	15.00000	0.01000	actor
0.00820	14.00000	0.01000	worked
0.00820	14.00000	0.01000	comma
------------
Topic 4 (1569 tokens)
------------
0.02597	41.00000	0.01000	leadership
0.02154	34.00000	0.01000	elected
0.01837	29.00000	0.01000	political
0.01647	26.00000	0.01000	leader
0.01521	24.00000	0.01000	cities
0.01521	24.00000	0.01000	2006
0.01457	23.00000	0.01000	former
0.01457	23.00000	0.01000	community
0.01457	23.00000	0.01000	election
0.01394	22.00000	0.01000	1964
0.01267	20.00000	0.01000	life.
0.01267	20.00000	0.01000	services
0.01267	20.00000	0.01000	transformational
0.01204	19.00000	0.01000	appointed
0.01204	19.00000	0.01000	received
0.01141	18.00000	0.01000	seat
0.01077	17.00000	0.01000	research
0.01077	17.00000	0.01000	health
0.01077	17.00000	0.01000	followers
0.01077	17.00000	0.01000	1998
0.01077	17.00000	0.01000	http
0.01077	17.00000	0.01000	law
0.01014	16.00000	0.01000	staff
0.01014	16.00000	0.01000	1978
0.01014	16.00000	0.01000	seven
0.01014	16.00000	0.01000	religious
0.01014	16.00000	0.01000	sister
0.01014	16.00000	0.01000	post
0.00951	15.00000	0.01000	following
0.00951	15.00000	0.01000	degree
0.00951	15.00000	0.01000	children
0.00951	15.00000	0.01000	care
0.00887	14.00000	0.01000	politician
0.00887	14.00000	0.01000	introduced
0.00887	14.00000	0.01000	provide
0.00887	14.00000	0.01000	support
0.00887	14.00000	0.01000	agency
0.00887	14.00000	0.01000	provided
0.00887	14.00000	0.01000	worked
0.00887	14.00000	0.01000	attended
0.00887	14.00000	0.01000	office
0.00887	14.00000	0.01000	private
0.00824	13.00000	0.01000	serving
0.00824	13.00000	0.01000	mission
0.00824	13.00000	0.01000	education
0.00824	13.00000	0.01000	director
0.00824	13.00000	0.01000	1996
0.00824	13.00000	0.01000	1st
0.00824	13.00000	0.01000	president
0.00761	12.00000	0.01000	lost
------------
Topic 7 (1006 tokens)
------------
0.03938	40.00000	0.01000	steer
0.03643	37.00000	0.01000	carbon
0.03151	32.00000	0.01000	rate
0.02855	29.00000	0.01000	increase
0.02658	27.00000	0.01000	plant
0.02462	25.00000	0.01000	balance
0.02462	25.00000	0.01000	respiration.
0.02265	23.00000	0.01000	global
0.02068	21.00000	0.01000	nitrogen
0.01969	20.00000	0.01000	root
0.01871	19.00000	0.01000	injury
0.01871	19.00000	0.01000	chamber
0.01773	18.00000	0.01000	link
0.01674	17.00000	0.01000	change
0.01674	17.00000	0.01000	brain
0.01674	17.00000	0.01000	moisture
0.01674	17.00000	0.01000	rates
0.01576	16.00000	0.01000	amount
0.01576	16.00000	0.01000	greater
0.01576	16.00000	0.01000	temperature
0.01477	15.00000	0.01000	animal
0.01477	15.00000	0.01000	compensation
0.01477	15.00000	0.01000	climate
0.01477	15.00000	0.01000	plants
0.01379	14.00000	0.01000	different
0.01379	14.00000	0.01000	systems
0.01379	14.00000	0.01000	organic
0.01379	14.00000	0.01000	vestibular
0.01281	13.00000	0.01000	patient
0.01281	13.00000	0.01000	term
0.01281	13.00000	0.01000	compounds
0.01281	13.00000	0.01000	mode
0.01281	13.00000	0.01000	levels
0.01182	12.00000	0.01000	wrestling
0.01182	12.00000	0.01000	closed
0.01182	12.00000	0.01000	important
0.01182	12.00000	0.01000	growth
0.01182	12.00000	0.01000	measuring
0.01084	11.00000	0.01000	process
0.01084	11.00000	0.01000	role
0.01084	11.00000	0.01000	designed
0.00985	10.00000	0.01000	reduce
0.00985	10.00000	0.01000	energy
0.00985	10.00000	0.01000	animals
0.00985	10.00000	0.01000	conditions
0.00887	9.00000	0.01000	released
0.00887	9.00000	0.01000	head
0.00887	9.00000	0.01000	days
0.00887	9.00000	0.01000	time.
0.00887	9.00000	0.01000	occurs
------------
Topic 0 (1659 tokens)
------------
0.02217	37.00000	0.01000	field
0.02038	34.00000	0.01000	systems
0.01738	29.00000	0.01000	aircraft
0.01618	27.00000	0.01000	training
0.01618	27.00000	0.01000	air
0.01439	24.00000	0.01000	across
0.01439	24.00000	0.01000	structures
0.01379	23.00000	0.01000	small
0.01379	23.00000	0.01000	land
0.01379	23.00000	0.01000	natural
0.01319	22.00000	0.01000	provide
0.01319	22.00000	0.01000	model
0.01259	21.00000	0.01000	existing
0.01199	20.00000	0.01000	increased
0.01199	20.00000	0.01000	every
0.01199	20.00000	0.01000	level
0.01139	19.00000	0.01000	could
0.01139	19.00000	0.01000	within
0.01139	19.00000	0.01000	information
0.01139	19.00000	0.01000	addition
0.01079	18.00000	0.01000	units
0.01079	18.00000	0.01000	forests
0.01079	18.00000	0.01000	important
0.01079	18.00000	0.01000	function
0.01079	18.00000	0.01000	range
0.01019	17.00000	0.01000	associated
0.01019	17.00000	0.01000	hypothesis
0.00959	16.00000	0.01000	source
0.00959	16.00000	0.01000	occur
0.00959	16.00000	0.01000	complex
0.00959	16.00000	0.01000	case
0.00899	15.00000	0.01000	available
0.00899	15.00000	0.01000	construction
0.00899	15.00000	0.01000	layer
0.00899	15.00000	0.01000	point
0.00899	15.00000	0.01000	lands
0.00899	15.00000	0.01000	physical
0.00899	15.00000	0.01000	build
0.00899	15.00000	0.01000	shown
0.00899	15.00000	0.01000	control
0.00839	14.00000	0.01000	management
0.00839	14.00000	0.01000	variety
0.00839	14.00000	0.01000	research
0.00839	14.00000	0.01000	possible
0.00839	14.00000	0.01000	parts
0.00839	14.00000	0.01000	project
0.00839	14.00000	0.01000	low
0.00780	13.00000	0.01000	various
0.00780	13.00000	0.01000	lead
0.00780	13.00000	0.01000	influence
